      232623464          97.17          1.264           8.24          0.058      4846.77    33.83       0.165       0.030
      224292441          59.36          0.464           5.67          0.043      4610.80     7.09       0.074       0.006
      149399573         125.73          0.829          10.82          0.051      4690.95    30.70       0.150       0.028
       27002591         106.00          2.624           8.40          0.118      5063.55    25.68      -0.136       0.021
      458690359          80.72          0.766           7.43          0.038      4469.92    37.04       0.287       0.034
      459769560          71.15          0.431           6.86          0.035      4705.28    30.66      -0.219       0.028
        3716092         170.91          0.852          14.42          0.656      5004.67    18.33      -0.682       0.016
        4753562          84.51          0.547           8.53          0.066      4851.22    22.65      -0.341       0.018
       11938650         152.06          1.298          13.95          0.104      4861.84    17.37      -0.063       0.014
      105489715         107.59          0.857           9.40          0.125      4809.83    22.91       0.028       0.019
      302750867         156.99          0.607          12.96          0.131      4681.75    43.54       0.204       0.035
      252796304         159.45          0.827          13.02          0.094      4713.17    46.47       0.032       0.045
        8901893         108.15          0.657           9.19          0.116      4650.52    28.23       0.209       0.025
      137649123         414.72         20.983          25.18          0.869      4761.02    30.34       0.269       0.027
